35
6 3 408 115 386 124
17 3 410 115 390 124
28 3 416 113 398 119
32 3 423 114 400 119
55 3 425 99 406 109
80 3 425 102 402 112
84 3 426 102 404 113
92 3 428 102 408 113
119 3 450 105 425 116
122 3 450 102 426 114
129 3 452 98 427 113
134 3 453 98 428 111
137 3 452 94 429 109
144 3 454 94 430 105
146 3 455 88 432 107
151 3 458 92 434 108
157 3 458 88 436 106
159 3 462 91 437 108
161 3 460 96 437 110
165 3 458 94 435 108
170 3 457 97 432 105
173 3 454 94 433 114
186 3 446 101 424 118
188 3 444 101 424 120
194 3 448 108 427 125
203 3 452 113 434 130
206 3 453 115 432 131
219 3 463 116 440 133
236 3 465 112 445 130
239 3 466 113 447 132
241 3 468 114 449 133
243 3 470 114 449 133
245 3 471 115 450 136
247 3 472 116 454 136
249 3 473 117 452 137
